0.05176470588235294
0.07764705882352942
0.10352941176470588
0.12941176470588237
0.1811764705882353
0.20705882352941177
0.23294117647058823
0.2847058823529412
0.31058823529411766
0.33647058823529413
0.3623529411764706
0.38823529411764707
0.44
0.49176470588235294
0.49176470588235294
0.5435294117647059
0.5694117647058824
0.5694117647058824
0.6211764705882353
0.6470588235294118
0.6729411764705883
0.6988235294117647
0.7505882352941177
0.7764705882352941
0.7764705882352941
0.8023529411764706
0.8282352941176471
0.88
0.9058823529411765
0.9317647058823529
0.9576470588235294
0.9576470588235294
1.0094117647058825
1.0094117647058825
1.035294117647059
1.0611764705882354
1.1129411764705883
1.1388235294117648
1.1388235294117648
1.1647058823529413
1.1905882352941177
1.2164705882352942
1.2423529411764707
1.2423529411764707
1.2682352941176471
1.32
1.32
1.3458823529411765
1.3458823529411765
1.371764705882353
1.3976470588235295
1.423529411764706
1.423529411764706
1.4494117647058824
1.4752941176470589
1.5011764705882353
1.5270588235294118
1.5270588235294118
1.5270588235294118
1.5529411764705883
1.5788235294117647
1.5788235294117647
1.6305882352941177
1.6305882352941177
1.6564705882352941
1.6564705882352941
1.6823529411764706
1.6823529411764706
1.7341176470588235
1.7341176470588235
1.76
1.76
1.7858823529411765
1.811764705882353
1.811764705882353
1.8376470588235294
1.8376470588235294
1.8376470588235294
1.8894117647058823
1.8894117647058823
1.8894117647058823
1.9152941176470588
1.9152941176470588
1.9411764705882353
1.9670588235294117
1.9670588235294117
1.9670588235294117
1.9929411764705882
1.9929411764705882
2.018823529411765
2.0447058823529414
2.0447058823529414
2.0447058823529414
2.0447058823529414
2.0964705882352943
2.0964705882352943
2.1223529411764708
2.1223529411764708
2.0964705882352943
2.1223529411764708
2.1482352941176472
2.1482352941176472
2.1741176470588237
2.1741176470588237
2.2
2.2
2.2
2.2258823529411766
2.251764705882353
2.251764705882353
2.2258823529411766
2.2776470588235296
2.2776470588235296
2.303529411764706
2.303529411764706
2.303529411764706
2.303529411764706
2.303529411764706
2.303529411764706
2.355294117647059
2.355294117647059
2.355294117647059
2.3811764705882354
2.355294117647059
2.3811764705882354
2.3811764705882354
2.3811764705882354
2.407058823529412
2.407058823529412
2.4329411764705884
2.4329411764705884
2.4329411764705884
2.4329411764705884
2.4847058823529413
2.458823529411765
2.4847058823529413
2.4847058823529413
2.4847058823529413
2.4847058823529413
2.4847058823529413
2.510588235294118
2.510588235294118
2.5364705882352943
2.510588235294118
2.5364705882352943
2.510588235294118
2.5623529411764707
2.5623529411764707
2.5364705882352943
2.5623529411764707
2.5623529411764707
2.588235294117647
2.5623529411764707
2.588235294117647
2.588235294117647
2.588235294117647
2.588235294117647
2.6141176470588237
2.6141176470588237
2.64
2.64
2.64
2.64
2.64
2.64
2.6658823529411766
2.64
2.6658823529411766
2.64
2.691764705882353
2.691764705882353
2.6658823529411766
2.6658823529411766
2.691764705882353
2.691764705882353
2.7176470588235295
2.691764705882353
2.7176470588235295
2.7176470588235295
2.691764705882353
2.7176470588235295
2.7176470588235295
2.743529411764706
2.743529411764706
2.743529411764706
2.743529411764706
2.7694117647058825
2.7694117647058825
2.743529411764706
2.7694117647058825
2.7694117647058825
2.7694117647058825
2.7694117647058825
2.7694117647058825
2.7694117647058825
2.795294117647059
2.795294117647059
2.795294117647059
2.795294117647059
2.795294117647059
2.8211764705882354
2.8211764705882354
2.8211764705882354
2.8211764705882354
2.8211764705882354
2.8211764705882354
2.795294117647059
2.8211764705882354
2.8211764705882354
2.847058823529412
2.8211764705882354
2.8211764705882354
2.847058823529412
2.847058823529412
2.847058823529412
2.847058823529412
2.847058823529412
2.8729411764705883
2.8729411764705883
2.8729411764705883
2.898823529411765
2.8729411764705883
2.8729411764705883
2.898823529411765
2.898823529411765
2.8729411764705883
2.898823529411765
2.8729411764705883
2.898823529411765
2.898823529411765
2.898823529411765
2.898823529411765
2.898823529411765
2.898823529411765
2.898823529411765
2.898823529411765
2.898823529411765
2.898823529411765
2.898823529411765
2.898823529411765
2.898823529411765
2.9247058823529413
2.9247058823529413
2.898823529411765
2.898823529411765
2.9247058823529413
2.9247058823529413
2.898823529411765
2.9247058823529413
2.9247058823529413
2.9247058823529413
2.9247058823529413
2.9247058823529413
2.9505882352941177
2.9505882352941177
2.9505882352941177
2.9247058823529413
2.9505882352941177
2.9247058823529413
2.9505882352941177
2.9247058823529413
2.9505882352941177
2.976470588235294
2.9505882352941177
2.9505882352941177
2.9505882352941177
2.9505882352941177
2.9505882352941177
2.976470588235294
2.9505882352941177
2.976470588235294
2.9505882352941177
2.9505882352941177
2.9505882352941177
2.976470588235294
2.976470588235294
2.976470588235294
2.976470588235294
2.976470588235294
2.976470588235294
2.976470588235294
2.976470588235294
2.976470588235294
2.976470588235294
2.976470588235294
3.0023529411764707
3.0023529411764707
3.0023529411764707
2.976470588235294
2.976470588235294
3.0023529411764707
2.976470588235294
2.976470588235294
2.976470588235294
3.0023529411764707
2.976470588235294
2.976470588235294
3.0023529411764707
2.976470588235294
3.0023529411764707
3.0023529411764707
3.0023529411764707
3.0023529411764707
3.0023529411764707
3.0023529411764707
3.028235294117647
3.0023529411764707
3.028235294117647
3.028235294117647
3.0023529411764707
3.0023529411764707
3.028235294117647
3.0023529411764707
3.0023529411764707
3.0023529411764707
3.028235294117647
3.0023529411764707
3.028235294117647
3.0023529411764707
3.0023529411764707
3.028235294117647
3.028235294117647
3.0023529411764707
3.0023529411764707
3.0023529411764707
3.028235294117647
3.028235294117647
3.028235294117647
3.0023529411764707
3.028235294117647
3.028235294117647
3.028235294117647
3.028235294117647
3.028235294117647
3.028235294117647
3.028235294117647
3.028235294117647
3.028235294117647
3.0541176470588236
3.028235294117647
3.028235294117647
3.028235294117647
3.0541176470588236
3.0541176470588236
3.028235294117647
3.0541176470588236
3.0541176470588236
3.028235294117647
3.0541176470588236
3.028235294117647
3.028235294117647
3.0541176470588236
3.028235294117647
3.028235294117647
3.0541176470588236
3.0541176470588236
3.028235294117647
3.028235294117647
3.0541176470588236
3.028235294117647
3.0541176470588236
3.0541176470588236
3.0541176470588236
3.0541176470588236
3.0541176470588236
3.028235294117647
3.08
3.0541176470588236
3.0541176470588236
3.08
3.0541176470588236
3.028235294117647
3.0541176470588236
3.028235294117647
3.0541176470588236
3.0541176470588236
3.0541176470588236
3.0541176470588236
3.0541176470588236
3.0541176470588236
3.028235294117647
3.0541176470588236
3.0541176470588236
3.08
3.0541176470588236
3.0541176470588236
3.0541176470588236
3.0541176470588236
3.0541176470588236
3.0541176470588236
3.08
3.08
3.08
3.0541176470588236
3.0541176470588236
3.08
3.0541176470588236
3.0541176470588236
3.0541176470588236
3.08
3.08
3.0541176470588236
3.08
3.08
3.08
3.0541176470588236
3.0541176470588236
3.08
3.08
3.0541176470588236
3.0541176470588236
3.0541176470588236
3.08
3.0541176470588236
3.08
3.0541176470588236
3.0541176470588236
3.08
3.08
3.08
3.0541176470588236
3.0541176470588236
3.0541176470588236
3.08
3.0541176470588236
3.08
3.08
3.08
3.08
3.0541176470588236
3.08
3.08
3.08
3.08
3.08
3.08
3.08
3.08
3.08
3.08
3.1058823529411765
3.0541176470588236
3.0023529411764707
2.976470588235294
2.9247058823529413
2.898823529411765
2.847058823529412
2.8211764705882354
2.795294117647059
2.7694117647058825
2.7176470588235295
2.7176470588235295
2.6658823529411766
2.64
2.6141176470588237
2.588235294117647
2.5623529411764707
2.5364705882352943
2.510588235294118
2.4847058823529413
2.4329411764705884
2.407058823529412
2.3811764705882354
2.355294117647059
2.3294117647058825
2.2776470588235296
2.2776470588235296
2.251764705882353
2.2258823529411766
2.2
2.1741176470588237
2.1482352941176472
2.1223529411764708
2.0964705882352943
2.070588235294118
2.0447058823529414
2.018823529411765
2.018823529411765
1.9929411764705882
1.9670588235294117
1.9411764705882353
1.9152941176470588
1.8894117647058823
1.8635294117647059
1.8635294117647059
1.8376470588235294
1.811764705882353
1.7858823529411765
1.76
1.76
1.7341176470588235
1.708235294117647
1.708235294117647
1.6823529411764706
1.6564705882352941
1.6305882352941177
1.6047058823529412
1.6047058823529412
1.5788235294117647
1.5788235294117647
1.5529411764705883
1.5529411764705883
1.5270588235294118
1.5011764705882353
1.4752941176470589
1.4752941176470589
1.4752941176470589
1.4494117647058824
1.423529411764706
1.3976470588235295
1.371764705882353
1.371764705882353
1.3458823529411765
1.3458823529411765
1.32
1.32
1.2941176470588236
1.2941176470588236
1.2682352941176471
1.2682352941176471
1.2423529411764707
1.2423529411764707
1.2164705882352942
1.1905882352941177
1.1905882352941177
1.1647058823529413
1.1647058823529413
1.1388235294117648
1.1388235294117648
1.1129411764705883
1.1129411764705883
1.1129411764705883
1.0870588235294119
1.0870588235294119
1.0611764705882354
1.035294117647059
1.035294117647059
1.0094117647058825
1.0094117647058825
1.0094117647058825
1.0094117647058825
0.9835294117647059
0.9835294117647059
0.9576470588235294
0.9576470588235294
0.9317647058823529
0.9317647058823529
0.9058823529411765
0.9058823529411765
0.9058823529411765
0.9058823529411765
0.88
0.88
0.8541176470588235
0.8541176470588235
0.8541176470588235
0.8282352941176471
0.8023529411764706
0.8023529411764706
0.8023529411764706
0.7764705882352941
0.7764705882352941
0.8023529411764706
0.7764705882352941
0.7764705882352941
0.7764705882352941
0.7505882352941177
0.7505882352941177
0.7505882352941177
0.7247058823529412
0.7247058823529412
0.7247058823529412
0.6988235294117647
0.6988235294117647
0.6988235294117647
0.6729411764705883
0.6729411764705883
0.6729411764705883
0.6470588235294118
0.6470588235294118
0.6470588235294118
0.6470588235294118
0.6211764705882353
0.6211764705882353
0.6211764705882353
0.6211764705882353
0.5952941176470589
0.5952941176470589
0.5952941176470589
0.5952941176470589
0.5694117647058824
0.5694117647058824
0.5435294117647059
0.5435294117647059
0.5694117647058824
0.5435294117647059
0.5435294117647059
0.5176470588235295
0.5176470588235295
0.5176470588235295
0.5176470588235295
0.49176470588235294
0.49176470588235294
0.49176470588235294
0.49176470588235294
0.49176470588235294
0.46588235294117647
0.49176470588235294
0.46588235294117647
0.46588235294117647
0.46588235294117647
0.44
0.46588235294117647
0.44
0.44
0.44
0.41411764705882353
0.41411764705882353
0.41411764705882353
0.41411764705882353
0.41411764705882353
0.41411764705882353
0.38823529411764707
0.38823529411764707
0.38823529411764707
0.38823529411764707
0.38823529411764707
0.38823529411764707
0.3623529411764706
0.3623529411764706
0.3623529411764706
0.3623529411764706
0.3623529411764706
0.3623529411764706
0.3623529411764706
0.33647058823529413
0.33647058823529413
0.3623529411764706
0.3623529411764706
0.33647058823529413
0.33647058823529413
0.33647058823529413
0.33647058823529413
0.31058823529411766
0.31058823529411766
0.31058823529411766
0.31058823529411766
0.31058823529411766
0.31058823529411766
0.31058823529411766
0.2847058823529412
0.31058823529411766
0.2847058823529412
0.2847058823529412
0.2847058823529412
0.2847058823529412
0.2847058823529412
0.25882352941176473
0.2847058823529412
0.25882352941176473
0.25882352941176473
0.25882352941176473
0.25882352941176473
0.25882352941176473
0.25882352941176473
0.25882352941176473
0.25882352941176473
0.25882352941176473
0.25882352941176473
0.23294117647058823
0.23294117647058823
0.23294117647058823
0.23294117647058823
0.20705882352941177
0.20705882352941177
0.20705882352941177
0.23294117647058823
0.20705882352941177
0.20705882352941177
0.23294117647058823
0.20705882352941177
0.20705882352941177
0.20705882352941177
0.1811764705882353
0.1811764705882353
0.20705882352941177
0.20705882352941177
0.1811764705882353
0.1811764705882353
0.1811764705882353
0.1811764705882353
0.1811764705882353
0.1811764705882353
0.1811764705882353
0.1811764705882353
0.1811764705882353
0.1811764705882353
0.1811764705882353
0.1811764705882353
0.15529411764705883
0.15529411764705883
0.15529411764705883
0.15529411764705883
0.1811764705882353
0.15529411764705883
0.15529411764705883
0.15529411764705883
0.15529411764705883
0.15529411764705883
0.15529411764705883
0.15529411764705883
0.15529411764705883
0.15529411764705883
0.15529411764705883
0.15529411764705883
0.15529411764705883
0.15529411764705883
0.15529411764705883
0.12941176470588237
0.12941176470588237
0.12941176470588237
0.12941176470588237
0.12941176470588237
0.12941176470588237
0.12941176470588237
0.12941176470588237
0.10352941176470588
0.12941176470588237
0.12941176470588237
0.12941176470588237
0.12941176470588237
0.12941176470588237
0.12941176470588237
0.12941176470588237
0.12941176470588237
0.10352941176470588
0.10352941176470588
0.10352941176470588
0.10352941176470588
0.10352941176470588
0.12941176470588237
0.10352941176470588
0.10352941176470588
0.10352941176470588
0.07764705882352942
0.10352941176470588
0.10352941176470588
0.10352941176470588
0.10352941176470588
0.10352941176470588
0.10352941176470588
0.10352941176470588
0.07764705882352942
0.10352941176470588
0.07764705882352942
0.07764705882352942
0.07764705882352942
0.07764705882352942
0.07764705882352942
0.10352941176470588
0.07764705882352942
0.07764705882352942
0.07764705882352942
0.07764705882352942
0.10352941176470588
0.07764705882352942
0.07764705882352942
0.07764705882352942
0.07764705882352942
0.07764705882352942
0.07764705882352942
0.07764705882352942
0.07764705882352942
0.07764705882352942
0.07764705882352942
0.07764705882352942
0.05176470588235294
0.07764705882352942
0.05176470588235294
0.07764705882352942
0.07764705882352942
0.07764705882352942
0.07764705882352942
0.07764705882352942
0.07764705882352942
0.05176470588235294
0.05176470588235294
0.05176470588235294
0.05176470588235294
0.07764705882352942
0.05176470588235294
0.05176470588235294
0.05176470588235294
0.05176470588235294
0.05176470588235294
0.07764705882352942
0.05176470588235294
0.05176470588235294
0.05176470588235294
0.05176470588235294
0.05176470588235294
0.05176470588235294
0.07764705882352942
0.05176470588235294
0.05176470588235294
0.05176470588235294
0.05176470588235294
0.05176470588235294
0.02588235294117647